=== Output from main ===
v=         0          0          0 
v=         1          2          3 
u=         1          2          3 
u=         1          2          3 
w=       999          2          3 
w+=v=     2e+03          4          6 
w/10=       200        0.4        0.6 
u+u=         2          4          6 
M=
         0          0          0 
         0          0          0 
         0          0          0 
M=
         0          1          2 
         1          2          3 
         2          3          4 
M+M=
         0          2          4 
         2          4          6 
         4          6          8 
M-M=
         0          0          0 
         0          0          0 
         0          0          0 
M*(M+M)*M=
        60        108        156 
       108        192        276 
       156        276        396 
M*u=         8         14         20 
M/10=
         0        0.1        0.2 
       0.1        0.2        0.3 
       0.2        0.3        0.4 
O=
         1          0          0 
         0          1          0 
         0          0          1 

=== Output from main2 ===
A =
     0.612      0.397      0.126 
    -0.981     -0.478     -0.665 
     0.863     -0.658      0.222 
     0.425      0.326     0.0937 
     0.592     0.0169     -0.795 
Q =
     0.378      0.348    -0.0561 
    -0.607      -0.39     -0.401 
     0.534     -0.799      0.214 
     0.263      0.295     -0.043 
     0.366    -0.0523     -0.888 
R =
      1.62      0.181      0.303 
         0      0.945      0.194 
         0          0       1.01 
Q^T Q =
         1  -5.85e-18   2.51e-17 
 -5.85e-18          1  -2.28e-17 
  2.51e-17  -2.28e-17          1 
Q R =
     0.612      0.397      0.126 
    -0.981     -0.478     -0.665 
     0.863     -0.658      0.222 
     0.425      0.326     0.0937 
     0.592     0.0169     -0.795 
R upper triangular? yes
Q^T Q = I? yes
Q R = A? yes

=== Output from main3 ===
A =
     0.612      0.397      0.126     -0.981     -0.478     -0.665 
     0.863     -0.658      0.222      0.425      0.326     0.0937 
     0.592     0.0169     -0.795      0.375     -0.477     -0.446 
     0.245     -0.599      0.188     -0.172     -0.069     -0.847 
     0.929      0.631     -0.521    -0.0899     -0.472     -0.858 
    -0.321      0.682     -0.511     -0.791     -0.266     -0.329 
b =    -0.367      0.955      0.792       0.65      0.916      0.379 
x =     0.582     -0.216       -1.8     -0.257       2.81      -1.02 
A*x =    -0.367      0.955      0.792       0.65      0.916      0.379 
Ax = b? yes

=== Output from main4 ===
A =
         1          0          0 
         0          2          0 
         1          0          3 
Q =
     0.707          0     -0.707 
         0          1          0 
     0.707          0      0.707 
R =
      1.41          0       2.12 
         0          2          0 
         0          0       2.12 
det(A) ~ det(R) = 6

=== Output from mainB ===
A =
     0.612       0.66     -0.363     -0.064 
     0.588     -0.227      0.957        0.7 
    -0.419      0.294     -0.907     -0.867 
     0.254      0.086     -0.688     -0.566 
B = A^{-1} =
     0.198      0.804     -0.196       1.27 
      1.24      0.816        1.8       -1.9 
    -0.275       3.51       3.71      -1.32 
     0.612      -3.78      -4.33      0.127 
A*B =
         1  -6.36e-16  -1.04e-15    3.5e-16 
 -9.38e-16          1   4.54e-16  -2.68e-16 
 -9.82e-16   4.37e-17          1   1.84e-16 
  3.37e-17   3.17e-16   6.78e-16          1 
B*A =
         1  -2.28e-16   1.57e-16   -1.5e-16 
 -8.64e-16          1   1.84e-15   1.36e-15 
 -4.04e-15  -4.82e-15          1   1.46e-15 
  4.58e-15   5.22e-15  -4.03e-15          1 
